/* --------------------------------------------------------------------------- FUNCIÓN DE TRANSICIÓN --------------------------------------------------------------------------- */
                /*   0   1    2    3    4    5    6    7    8    9   10   11   12   13   14   15   16   17   18   19   20   21   22   23   24   25   26   27   28   29   30  */
                /*   l    L   d    _    .    E    e    +    -    '    "    #    *    /    %    &    |    =    >    <    !    :    ;    (    )    [    ]   !=   \b   \n   \t  */
int M[19][31] = {
     /* 0 */     {   1,   2,   3, 500, 124, 500, 500, 108, 109,   9,  11,  12, 110, 111, 112,  17,  18,  13,  16,  15,  14, 125, 123, 126, 127, 128, 129, 500,   0,   0,   0 },
     /* 1 */     {   1,   2,   2,   2, 100, 100, 100, 100, 100, 100, 100, 100, 100, 100, 100, 100, 100, 100, 100, 100, 100, 100, 100, 100, 100, 100, 100, 100, 100, 100, 100 },
     /* 2 */     {   2,   2,   2,   2, 101, 101, 101, 101, 101, 101, 101, 101, 101, 101, 101, 101, 101, 101, 101, 101, 101, 101, 101, 101, 101, 101, 101, 101, 101, 101, 101 },
     /* 3 */     { 102, 102,   3, 102,   4, 102, 102, 102, 102, 102, 102, 102, 102, 102, 102, 102, 102, 102, 102, 102, 102, 102, 102, 102, 102, 102, 102, 102, 102, 102, 102 },
     /* 4 */     { 501, 501,   5, 501, 501, 501, 501, 501, 501, 501, 501, 501, 501, 501, 501, 501, 501, 501, 501, 501, 501, 501, 501, 501, 501, 501, 501, 501, 501, 501, 501 },
     /* 5 */     { 103, 103,   5, 103, 103,   6,   6, 103, 103, 103, 103, 103, 103, 103, 103, 103, 103, 103, 103, 103, 103, 103, 103, 103, 103, 103, 103, 103, 103, 103, 103 },
     /* 6 */     { 502, 502,   8, 502, 502, 502, 502,   7,   7, 502, 502, 502, 502, 502, 502, 502, 502, 502, 502, 502, 502, 502, 502, 502, 502, 502, 502, 502, 502, 502, 502 },
     /* 7 */     { 503, 503,   8, 503, 503, 503, 503, 503, 503, 503, 503, 503, 503, 503, 503, 503, 503, 503, 503, 503, 503, 503, 503, 503, 503, 503, 503, 503, 503, 503, 503 },
     /* 8 */     { 104, 104,   8, 104, 104, 104, 104, 104, 104, 104, 104, 104, 104, 104, 104, 104, 104, 104, 104, 104, 104, 104, 104, 104, 104, 104, 104, 104, 104, 104, 104 },
     /* 9 */     {  10,  10,  10,  10,  10,  10,  10,  10,  10, 504,  10,  10,  10,  10,  10,  10,  10,  10,  10,  10,  10,  10,  10,  10,  10,  10,  10,  10,  10,  10,  10 },
    /* 10 */     { 505, 505, 505, 505, 105, 505, 505, 505, 505, 105, 505, 505, 505, 505, 505, 505, 505, 505, 505, 505, 505, 505, 505, 505, 505, 505, 505, 505, 505, 505, 505 },
    /* 11 */     {  11, 11,   11,  11,  11,  11,  11,  11,  11,  11, 106,  11,  11,  11,  11,  11,  11,  11,  11,  11,  11,  11,  11,  11,  11,  11,  11,  11,  11,  11,  11 },
    /* 12 */     {  12, 12,   12,  12,  12,  12,  12,  12,  12,  12,  12,  12,  12,  12,  12,  12,  12,  12,  12,  12,  12,  12,  12,  12,  12,  12,  12,  12,  12, 107,  12 },
    /* 13 */     { 113, 113, 113, 113, 113, 113, 113, 113, 113, 113, 113, 113, 113, 113, 113, 113, 113, 114, 113, 113, 113, 113, 113, 113, 113, 113, 113, 113, 113, 113, 113 },
    /* 14 */     { 115, 115, 115, 115, 115, 115, 115, 115, 115, 115, 115, 115, 115, 115, 115, 115, 115, 116, 115, 115, 115, 115, 115, 115, 115, 115, 115, 115, 115, 115, 115 },
    /* 15 */     { 117, 117, 117, 117, 117, 117, 117, 117, 117, 117, 117, 117, 117, 117, 117, 117, 117, 118, 117, 117, 117, 117, 117, 117, 117, 117, 117, 117, 117, 117, 117 },
    /* 16 */     { 119, 119, 119, 119, 119, 119, 119, 119, 119, 119, 119, 119, 119, 119, 119, 119, 119, 120, 119, 119, 119, 119, 119, 119, 119, 119, 119, 119, 119, 119, 119 },
    /* 17 */     { 506, 506, 506, 506, 506, 506, 506, 506, 506, 506, 506, 506, 506, 506, 506, 121, 506, 506, 506, 506, 506, 506, 506, 506, 506, 506, 506, 506, 506, 506, 506 },
    /* 18 */     { 507, 507, 507, 507, 507, 507, 507, 507, 507, 507, 507, 507, 507, 507, 507, 507, 122, 507, 507, 507, 507, 507, 507, 507, 507, 507, 507, 507, 507, 507, 507 },
            };